(0.00 (0 0 0.0000))
(0.50 (0 0 0.0000))
(0.60 (0 0 0.0050))
(1.60 (0 0 0.0050))
(1.70 (0 0 0.0100))
(2.70 (0 0 0.0100))
(2.80 (0 0 0.0125))
(3.80 (0 0 0.0125))
(3.90 (0 0 0.0150))
(4.90 (0 0 0.0150))
(5.00 (0 0 0.0175))
(6.00 (0 0 0.0175))
(6.10 (0 0 0.0200))
(7.10 (0 0 0.0200))
(7.20 (0 0 0.0175))
(8.20 (0 0 0.0175))
(8.30 (0 0 0.015))
(9.30 (0 0 0.015))
(9.40 (0 0 0.0125))
(10.40 (0 0 0.0125))
(10.50 (0 0 0.0100))
(11.50 (0 0 0.0100))
(11.60 (0 0 0.0050))
(12.60 (0 0 0.0050))
(12.70 (0 0 0.000))
(13.70 (0 0 0.000))