(0.00 (0 0 0.0000))
(0.50 (0 0 0.0000))
(0.60 (0 0 0.0100))
(1.60 (0 0 0.0100))
(1.70 (0 0 0.0200))
(2.70 (0 0 0.0200))
(2.80 (0 0 0.0233))
(3.80 (0 0 0.0233))
(3.90 (0 0 0.0266))
(4.90 (0 0 0.0266))
(5.00 (0 0 0.0300))
(6.00 (0 0 0.0300))
(6.10 (0 0 0.0325))
(7.10 (0 0 0.0325))
(7.20 (0 0 0.0350))
(8.20 (0 0 0.0350))
(8.30 (0 0 0.0375))
(9.30 (0 0 0.0375))
(9.40 (0 0 0.0400))
(10.40 (0 0 0.0400))
(10.50 (0 0 0.0500))
(11.50 (0 0 0.0500))
(11.60 (0 0 0.0400))
(12.60 (0 0 0.0400))
(12.70 (0 0 0.0375))
(13.70 (0 0 0.0375))
(13.80 (0 0 0.0350))
(14.80 (0 0 0.0350))
(14.90 (0 0 0.0325))
(15.90 (0 0 0.0325))
(16.00 (0 0 0.0300))
(17.00 (0 0 0.0300))
(17.10 (0 0 0.0266))
(18.10 (0 0 0.0266))
(18.20 (0 0 0.0233))
(19.20 (0 0 0.0233))
(19.30 (0 0 0.0200))
(20.30 (0 0 0.0200))
(20.40 (0 0 0.0100))
(21.40 (0 0 0.0100))
(21.50 (0 0 0.0000))
(22.50 (0 0 0.0000))