/*--------------------------------*- C++ -*----------------------------------*\
| =========                 |                                                 |
| \\      /  F ield         | OpenFOAM: The Open Source CFD Toolbox           |
|  \\    /   O peration     | Version:  5.x                                   |
|   \\  /    A nd           | Web:      www.OpenFOAM.org                      |
|    \\/     M anipulation  |                                                 |
\*---------------------------------------------------------------------------*/
FoamFile
{
    version     2.0;
    format      ascii;
    class       labelList;
    note        "nPoints:3083  nCells:2728  nFaces:8464  nInternalFaces:7148";
    location    "constant/polyMesh";
    object      neighbour;
}
// * * * * * * * * * * * * * * * * * * * * * * * * * * * * * * * * * * * * * //


7148
(
1
4
44
5
45
3
8
46
4
9
47
5
10
48
6
11
49
7
12
50
13
51
9
15
52
10
16
53
11
17
54
12
18
55
13
19
56
20
57
15
22
58
16
23
59
17
24
60
18
25
61
19
26
62
20
27
63
21
28
64
29
65
23
66
24
30
67
25
31
68
26
32
69
27
33
70
28
34
71
29
35
72
73
31
36
74
32
37
75
33
38
76
34
39
77
35
40
78
41
79
37
80
38
81
39
42
82
40
43
83
41
84
85
43
86
87
45
48
88
49
89
47
52
90
48
53
91
49
54
92
50
55
93
51
56
94
57
95
53
59
96
54
60
97
55
61
98
56
62
99
57
63
100
64
101
59
66
102
60
67
103
61
68
104
62
69
105
63
70
106
64
71
107
65
72
108
73
109
67
110
68
74
111
69
75
112
70
76
113
71
77
114
72
78
115
73
79
116
117
75
80
118
76
81
119
77
82
120
78
83
121
79
84
122
85
123
81
124
82
125
83
86
126
84
87
127
85
128
129
87
130
131
89
92
132
93
133
91
96
134
92
97
135
93
98
136
94
99
137
95
100
138
101
139
97
103
140
98
104
141
99
105
142
100
106
143
101
107
144
108
145
103
110
146
104
111
147
105
112
148
106
113
149
107
114
150
108
115
151
109
116
152
117
153
111
154
112
118
155
113
119
156
114
120
157
115
121
158
116
122
159
117
123
160
161
119
124
162
120
125
163
121
126
164
122
127
165
123
128
166
129
167
125
168
126
169
127
130
170
128
131
171
129
172
173
131
174
175
133
136
176
137
177
135
140
178
136
141
179
137
142
180
138
143
181
139
144
182
145
183
141
147
184
142
148
185
143
149
186
144
150
187
145
151
188
152
189
147
154
190
148
155
191
149
156
192
150
157
193
151
158
194
152
159
195
153
160
196
161
197
155
198
156
162
199
157
163
200
158
164
201
159
165
202
160
166
203
161
167
204
205
163
168
206
164
169
207
165
170
208
166
171
209
167
172
210
173
211
169
212
170
213
171
174
214
172
175
215
173
216
217
175
218
219
177
180
220
181
221
179
184
222
180
185
223
181
186
224
182
187
225
183
188
226
189
227
185
191
228
186
192
229
187
193
230
188
194
231
189
195
232
196
233
191
198
234
192
199
235
193
200
236
194
201
237
195
202
238
196
203
239
197
204
240
205
241
199
242
200
206
243
201
207
244
202
208
245
203
209
246
204
210
247
205
211
248
249
207
212
250
208
213
251
209
214
252
210
215
253
211
216
254
217
255
213
256
214
257
215
218
258
216
219
259
217
260
261
219
262
263
221
224
264
225
265
223
228
266
224
229
267
225
230
268
226
231
269
227
232
270
233
271
229
235
272
230
236
273
231
237
274
232
238
275
233
239
276
240
277
235
242
278
236
243
279
237
244
280
238
245
281
239
246
282
240
247
283
241
248
284
249
285
243
286
244
250
287
245
251
288
246
252
289
247
253
290
248
254
291
249
255
292
293
251
256
294
252
257
295
253
258
296
254
259
297
255
260
298
261
299
257
300
258
301
259
262
302
260
263
303
261
304
305
263
306
307
265
268
308
269
309
267
272
310
268
273
311
269
274
312
270
275
313
271
276
314
277
315
273
279
316
274
280
317
275
281
318
276
282
319
277
283
320
284
321
279
286
322
280
287
323
281
288
324
282
289
325
283
290
326
284
291
327
285
292
328
293
329
287
330
288
294
331
289
295
332
290
296
333
291
297
334
292
298
335
293
299
336
337
295
300
338
296
301
339
297
302
340
298
303
341
299
304
342
305
343
301
344
302
345
303
306
346
304
307
347
305
348
349
307
350
351
309
312
352
313
353
311
316
354
312
317
355
313
318
356
314
319
357
315
320
358
321
359
317
323
360
318
324
361
319
325
362
320
326
363
321
327
364
328
365
323
330
366
324
331
367
325
332
368
326
333
369
327
334
370
328
335
371
329
336
372
337
373
331
374
332
338
375
333
339
376
334
340
377
335
341
378
336
342
379
337
343
380
381
339
344
382
340
345
383
341
346
384
342
347
385
343
348
386
349
387
345
388
346
389
347
350
390
348
351
391
349
392
393
351
394
395
353
356
396
357
397
355
360
398
356
361
399
357
362
400
358
363
401
359
364
402
365
403
361
367
404
362
368
405
363
369
406
364
370
407
365
371
408
372
409
367
374
410
368
375
411
369
376
412
370
377
413
371
378
414
372
379
415
373
380
416
381
417
375
418
376
382
419
377
383
420
378
384
421
379
385
422
380
386
423
381
387
424
425
383
388
426
384
389
427
385
390
428
386
391
429
387
392
430
393
431
389
432
390
433
391
394
434
392
395
435
393
436
437
395
438
439
397
400
440
401
441
399
404
442
400
405
443
401
406
444
402
407
445
403
408
446
409
447
405
411
448
406
412
449
407
413
450
408
414
451
409
415
452
416
453
411
418
454
412
419
455
413
420
456
414
421
457
415
422
458
416
423
459
417
424
460
425
461
419
462
420
426
463
421
427
464
422
428
465
423
429
466
424
430
467
425
431
468
469
427
432
470
428
433
471
429
434
472
430
435
473
431
436
474
437
475
433
476
434
477
435
438
478
436
439
479
437
480
481
439
482
483
441
444
484
445
485
443
448
486
444
449
487
445
450
488
446
451
489
447
452
490
453
491
449
455
492
450
456
493
451
457
494
452
458
495
453
459
496
460
497
455
462
498
456
463
499
457
464
500
458
465
501
459
466
502
460
467
503
461
468
504
469
505
463
506
464
470
507
465
471
508
466
472
509
467
473
510
468
474
511
469
475
512
513
471
476
514
472
477
515
473
478
516
474
479
517
475
480
518
481
519
477
520
478
521
479
482
522
480
483
523
481
524
525
483
526
527
485
488
528
489
529
487
492
530
488
493
531
489
494
532
490
495
533
491
496
534
497
535
493
499
536
494
500
537
495
501
538
496
502
539
497
503
540
504
541
499
506
542
500
507
543
501
508
544
502
509
545
503
510
546
504
511
547
505
512
548
513
549
507
550
508
514
551
509
515
552
510
516
553
511
517
554
512
518
555
513
519
556
557
515
520
558
516
521
559
517
522
560
518
523
561
519
524
562
525
563
521
564
522
565
523
526
566
524
527
567
525
568
569
527
570
571
529
532
572
533
573
531
536
574
532
537
575
533
538
576
534
539
577
535
540
578
541
579
537
543
580
538
544
581
539
545
582
540
546
583
541
547
584
548
585
543
550
586
544
551
587
545
552
588
546
553
589
547
554
590
548
555
591
549
556
592
557
593
551
594
552
558
595
553
559
596
554
560
597
555
561
598
556
562
599
557
563
600
601
559
564
602
560
565
603
561
566
604
562
567
605
563
568
606
569
607
565
608
566
609
567
570
610
568
571
611
569
612
613
571
614
615
573
576
616
577
617
575
580
618
576
581
619
577
582
620
578
583
621
579
584
622
585
623
581
587
624
582
588
625
583
589
626
584
590
627
585
591
628
592
629
587
594
630
588
595
631
589
596
632
590
597
633
591
598
634
592
599
635
593
600
636
601
637
595
638
596
602
639
597
603
640
598
604
641
599
605
642
600
606
643
601
607
644
645
603
608
646
604
609
647
605
610
648
606
611
649
607
612
650
613
651
609
652
610
653
611
614
654
612
615
655
613
656
657
615
658
659
617
620
660
621
661
619
624
662
620
625
663
621
626
664
622
627
665
623
628
666
629
667
625
631
668
626
632
669
627
633
670
628
634
671
629
635
672
636
673
631
638
674
632
639
675
633
640
676
634
641
677
635
642
678
636
643
679
637
644
680
645
681
639
682
640
646
683
641
647
684
642
648
685
643
649
686
644
650
687
645
651
688
689
647
652
690
648
653
691
649
654
692
650
655
693
651
656
694
657
695
653
696
654
697
655
658
698
656
659
699
657
700
701
659
702
703
661
664
704
665
705
663
668
706
664
669
707
665
670
708
666
671
709
667
672
710
673
711
669
675
712
670
676
713
671
677
714
672
678
715
673
679
716
680
717
675
682
718
676
683
719
677
684
720
678
685
721
679
686
722
680
687
723
681
688
724
689
725
683
726
684
690
727
685
691
728
686
692
729
687
693
730
688
694
731
689
695
732
733
691
696
734
692
697
735
693
698
736
694
699
737
695
700
738
701
739
697
740
698
741
699
702
742
700
703
743
701
744
745
703
746
747
705
708
748
709
749
707
712
750
708
713
751
709
714
752
710
715
753
711
716
754
717
755
713
719
756
714
720
757
715
721
758
716
722
759
717
723
760
724
761
719
726
762
720
727
763
721
728
764
722
729
765
723
730
766
724
731
767
725
732
768
733
769
727
770
728
734
771
729
735
772
730
736
773
731
737
774
732
738
775
733
739
776
777
735
740
778
736
741
779
737
742
780
738
743
781
739
744
782
745
783
741
784
742
785
743
746
786
744
747
787
745
788
789
747
790
791
749
752
792
753
793
751
756
794
752
757
795
753
758
796
754
759
797
755
760
798
761
799
757
763
800
758
764
801
759
765
802
760
766
803
761
767
804
768
805
763
770
806
764
771
807
765
772
808
766
773
809
767
774
810
768
775
811
769
776
812
777
813
771
814
772
778
815
773
779
816
774
780
817
775
781
818
776
782
819
777
783
820
821
779
784
822
780
785
823
781
786
824
782
787
825
783
788
826
789
827
785
828
786
829
787
790
830
788
791
831
789
832
833
791
834
835
793
796
836
797
837
795
800
838
796
801
839
797
802
840
798
803
841
799
804
842
805
843
801
807
844
802
808
845
803
809
846
804
810
847
805
811
848
812
849
807
814
850
808
815
851
809
816
852
810
817
853
811
818
854
812
819
855
813
820
856
821
857
815
858
816
822
859
817
823
860
818
824
861
819
825
862
820
826
863
821
827
864
865
823
828
866
824
829
867
825
830
868
826
831
869
827
832
870
833
871
829
872
830
873
831
834
874
832
835
875
833
876
877
835
878
879
837
840
880
841
881
839
844
882
840
845
883
841
846
884
842
847
885
843
848
886
849
887
845
851
888
846
852
889
847
853
890
848
854
891
849
855
892
856
893
851
858
894
852
859
895
853
860
896
854
861
897
855
862
898
856
863
899
857
864
900
865
901
859
902
860
866
903
861
867
904
862
868
905
863
869
906
864
870
907
865
871
908
909
867
872
910
868
873
911
869
874
912
870
875
913
871
876
914
877
915
873
916
874
917
875
878
918
876
879
919
877
920
921
879
922
923
881
884
924
885
925
883
888
926
884
889
927
885
890
928
886
891
929
887
892
930
893
931
889
895
932
890
896
933
891
897
934
892
898
935
893
899
936
900
937
895
902
938
896
903
939
897
904
940
898
905
941
899
906
942
900
907
943
901
908
944
909
945
903
946
904
910
947
905
911
948
906
912
949
907
913
950
908
914
951
909
915
952
953
911
916
954
912
917
955
913
918
956
914
919
957
915
920
958
921
959
917
960
918
961
919
922
962
920
923
963
921
964
965
923
966
967
925
928
968
929
969
927
932
970
928
933
971
929
934
972
930
935
973
931
936
974
937
975
933
939
976
934
940
977
935
941
978
936
942
979
937
943
980
944
981
939
946
982
940
947
983
941
948
984
942
949
985
943
950
986
944
951
987
945
952
988
953
989
947
990
948
954
991
949
955
992
950
956
993
951
957
994
952
958
995
953
959
996
997
955
960
998
956
961
999
957
962
1000
958
963
1001
959
964
1002
965
1003
961
1004
962
1005
963
966
1006
964
967
1007
965
1008
1009
967
1010
1011
969
972
1012
973
1013
971
976
1014
972
977
1015
973
978
1016
974
979
1017
975
980
1018
981
1019
977
983
1020
978
984
1021
979
985
1022
980
986
1023
981
987
1024
988
1025
983
990
1026
984
991
1027
985
992
1028
986
993
1029
987
994
1030
988
995
1031
989
996
1032
997
1033
991
1034
992
998
1035
993
999
1036
994
1000
1037
995
1001
1038
996
1002
1039
997
1003
1040
1041
999
1004
1042
1000
1005
1043
1001
1006
1044
1002
1007
1045
1003
1008
1046
1009
1047
1005
1048
1006
1049
1007
1010
1050
1008
1011
1051
1009
1052
1053
1011
1054
1055
1013
1016
1056
1017
1057
1015
1020
1058
1016
1021
1059
1017
1022
1060
1018
1023
1061
1019
1024
1062
1025
1063
1021
1027
1064
1022
1028
1065
1023
1029
1066
1024
1030
1067
1025
1031
1068
1032
1069
1027
1034
1070
1028
1035
1071
1029
1036
1072
1030
1037
1073
1031
1038
1074
1032
1039
1075
1033
1040
1076
1041
1077
1035
1078
1036
1042
1079
1037
1043
1080
1038
1044
1081
1039
1045
1082
1040
1046
1083
1041
1047
1084
1085
1043
1048
1086
1044
1049
1087
1045
1050
1088
1046
1051
1089
1047
1052
1090
1053
1091
1049
1092
1050
1093
1051
1054
1094
1052
1055
1095
1053
1096
1097
1055
1098
1099
1057
1060
1100
1061
1101
1059
1064
1102
1060
1065
1103
1061
1066
1104
1062
1067
1105
1063
1068
1106
1069
1107
1065
1071
1108
1066
1072
1109
1067
1073
1110
1068
1074
1111
1069
1075
1112
1076
1113
1071
1078
1114
1072
1079
1115
1073
1080
1116
1074
1081
1117
1075
1082
1118
1076
1083
1119
1077
1084
1120
1085
1121
1079
1122
1080
1086
1123
1081
1087
1124
1082
1088
1125
1083
1089
1126
1084
1090
1127
1085
1091
1128
1129
1087
1092
1130
1088
1093
1131
1089
1094
1132
1090
1095
1133
1091
1096
1134
1097
1135
1093
1136
1094
1137
1095
1098
1138
1096
1099
1139
1097
1140
1141
1099
1142
1143
1101
1104
1144
1105
1145
1103
1108
1146
1104
1109
1147
1105
1110
1148
1106
1111
1149
1107
1112
1150
1113
1151
1109
1115
1152
1110
1116
1153
1111
1117
1154
1112
1118
1155
1113
1119
1156
1120
1157
1115
1122
1158
1116
1123
1159
1117
1124
1160
1118
1125
1161
1119
1126
1162
1120
1127
1163
1121
1128
1164
1129
1165
1123
1166
1124
1130
1167
1125
1131
1168
1126
1132
1169
1127
1133
1170
1128
1134
1171
1129
1135
1172
1173
1131
1136
1174
1132
1137
1175
1133
1138
1176
1134
1139
1177
1135
1140
1178
1141
1179
1137
1180
1138
1181
1139
1142
1182
1140
1143
1183
1141
1184
1185
1143
1186
1187
1145
1148
1188
1149
1189
1147
1152
1190
1148
1153
1191
1149
1154
1192
1150
1155
1193
1151
1156
1194
1157
1195
1153
1159
1196
1154
1160
1197
1155
1161
1198
1156
1162
1199
1157
1163
1200
1164
1201
1159
1166
1202
1160
1167
1203
1161
1168
1204
1162
1169
1205
1163
1170
1206
1164
1171
1207
1165
1172
1208
1173
1209
1167
1210
1168
1174
1211
1169
1175
1212
1170
1176
1213
1171
1177
1214
1172
1178
1215
1173
1179
1216
1217
1175
1180
1218
1176
1181
1219
1177
1182
1220
1178
1183
1221
1179
1184
1222
1185
1223
1181
1224
1182
1225
1183
1186
1226
1184
1187
1227
1185
1228
1229
1187
1230
1231
1189
1192
1232
1193
1233
1191
1196
1234
1192
1197
1235
1193
1198
1236
1194
1199
1237
1195
1200
1238
1201
1239
1197
1203
1240
1198
1204
1241
1199
1205
1242
1200
1206
1243
1201
1207
1244
1208
1245
1203
1210
1246
1204
1211
1247
1205
1212
1248
1206
1213
1249
1207
1214
1250
1208
1215
1251
1209
1216
1252
1217
1253
1211
1254
1212
1218
1255
1213
1219
1256
1214
1220
1257
1215
1221
1258
1216
1222
1259
1217
1223
1260
1261
1219
1224
1262
1220
1225
1263
1221
1226
1264
1222
1227
1265
1223
1228
1266
1229
1267
1225
1268
1226
1269
1227
1230
1270
1228
1231
1271
1229
1272
1273
1231
1274
1275
1233
1236
1276
1237
1277
1235
1240
1278
1236
1241
1279
1237
1242
1280
1238
1243
1281
1239
1244
1282
1245
1283
1241
1247
1284
1242
1248
1285
1243
1249
1286
1244
1250
1287
1245
1251
1288
1252
1289
1247
1254
1290
1248
1255
1291
1249
1256
1292
1250
1257
1293
1251
1258
1294
1252
1259
1295
1253
1260
1296
1261
1297
1255
1298
1256
1262
1299
1257
1263
1300
1258
1264
1301
1259
1265
1302
1260
1266
1303
1261
1267
1304
1305
1263
1268
1306
1264
1269
1307
1265
1270
1308
1266
1271
1309
1267
1272
1310
1273
1311
1269
1312
1270
1313
1271
1274
1314
1272
1275
1315
1273
1316
1317
1275
1318
1319
1277
1280
1320
1281
1321
1279
1284
1322
1280
1285
1323
1281
1286
1324
1282
1287
1325
1283
1288
1326
1289
1327
1285
1291
1328
1286
1292
1329
1287
1293
1330
1288
1294
1331
1289
1295
1332
1296
1333
1291
1298
1334
1292
1299
1335
1293
1300
1336
1294
1301
1337
1295
1302
1338
1296
1303
1339
1297
1304
1340
1305
1341
1299
1342
1300
1306
1343
1301
1307
1344
1302
1308
1345
1303
1309
1346
1304
1310
1347
1305
1311
1348
1349
1307
1312
1350
1308
1313
1351
1309
1314
1352
1310
1315
1353
1311
1316
1354
1317
1355
1313
1356
1314
1357
1315
1318
1358
1316
1319
1359
1317
1360
1361
1319
1362
1363
1321
1324
1364
1325
1365
1323
1328
1366
1324
1329
1367
1325
1330
1368
1326
1331
1369
1327
1332
1370
1333
1371
1329
1335
1372
1330
1336
1373
1331
1337
1374
1332
1338
1375
1333
1339
1376
1340
1377
1335
1342
1378
1336
1343
1379
1337
1344
1380
1338
1345
1381
1339
1346
1382
1340
1347
1383
1341
1348
1384
1349
1385
1343
1386
1344
1350
1387
1345
1351
1388
1346
1352
1389
1347
1353
1390
1348
1354
1391
1349
1355
1392
1393
1351
1356
1394
1352
1357
1395
1353
1358
1396
1354
1359
1397
1355
1360
1398
1361
1399
1357
1400
1358
1401
1359
1362
1402
1360
1363
1403
1361
1404
1405
1363
1406
1407
1365
1368
1408
1369
1409
1367
1372
1410
1368
1373
1411
1369
1374
1412
1370
1375
1413
1371
1376
1414
1377
1415
1373
1379
1416
1374
1380
1417
1375
1381
1418
1376
1382
1419
1377
1383
1420
1384
1421
1379
1386
1422
1380
1387
1423
1381
1388
1424
1382
1389
1425
1383
1390
1426
1384
1391
1427
1385
1392
1428
1393
1429
1387
1430
1388
1394
1431
1389
1395
1432
1390
1396
1433
1391
1397
1434
1392
1398
1435
1393
1399
1436
1437
1395
1400
1438
1396
1401
1439
1397
1402
1440
1398
1403
1441
1399
1404
1442
1405
1443
1401
1444
1402
1445
1403
1406
1446
1404
1407
1447
1405
1448
1449
1407
1450
1451
1409
1412
1452
1413
1453
1411
1416
1454
1412
1417
1455
1413
1418
1456
1414
1419
1457
1415
1420
1458
1421
1459
1417
1423
1460
1418
1424
1461
1419
1425
1462
1420
1426
1463
1421
1427
1464
1428
1465
1423
1430
1466
1424
1431
1467
1425
1432
1468
1426
1433
1469
1427
1434
1470
1428
1435
1471
1429
1436
1472
1437
1473
1431
1474
1432
1438
1475
1433
1439
1476
1434
1440
1477
1435
1441
1478
1436
1442
1479
1437
1443
1480
1481
1439
1444
1482
1440
1445
1483
1441
1446
1484
1442
1447
1485
1443
1448
1486
1449
1487
1445
1488
1446
1489
1447
1450
1490
1448
1451
1491
1449
1492
1493
1451
1494
1495
1453
1456
1496
1457
1497
1455
1460
1498
1456
1461
1499
1457
1462
1500
1458
1463
1501
1459
1464
1502
1465
1503
1461
1467
1504
1462
1468
1505
1463
1469
1506
1464
1470
1507
1465
1471
1508
1472
1509
1467
1474
1510
1468
1475
1511
1469
1476
1512
1470
1477
1513
1471
1478
1514
1472
1479
1515
1473
1480
1516
1481
1517
1475
1518
1476
1482
1519
1477
1483
1520
1478
1484
1521
1479
1485
1522
1480
1486
1523
1481
1487
1524
1525
1483
1488
1526
1484
1489
1527
1485
1490
1528
1486
1491
1529
1487
1492
1530
1493
1531
1489
1532
1490
1533
1491
1494
1534
1492
1495
1535
1493
1536
1537
1495
1538
1539
1497
1500
1540
1501
1541
1499
1504
1542
1500
1505
1543
1501
1506
1544
1502
1507
1545
1503
1508
1546
1509
1547
1505
1511
1548
1506
1512
1549
1507
1513
1550
1508
1514
1551
1509
1515
1552
1516
1553
1511
1518
1554
1512
1519
1555
1513
1520
1556
1514
1521
1557
1515
1522
1558
1516
1523
1559
1517
1524
1560
1525
1561
1519
1562
1520
1526
1563
1521
1527
1564
1522
1528
1565
1523
1529
1566
1524
1530
1567
1525
1531
1568
1569
1527
1532
1570
1528
1533
1571
1529
1534
1572
1530
1535
1573
1531
1536
1574
1537
1575
1533
1576
1534
1577
1535
1538
1578
1536
1539
1579
1537
1580
1581
1539
1582
1583
1541
1544
1584
1545
1585
1543
1548
1586
1544
1549
1587
1545
1550
1588
1546
1551
1589
1547
1552
1590
1553
1591
1549
1555
1592
1550
1556
1593
1551
1557
1594
1552
1558
1595
1553
1559
1596
1560
1597
1555
1562
1598
1556
1563
1599
1557
1564
1600
1558
1565
1601
1559
1566
1602
1560
1567
1603
1561
1568
1604
1569
1605
1563
1606
1564
1570
1607
1565
1571
1608
1566
1572
1609
1567
1573
1610
1568
1574
1611
1569
1575
1612
1613
1571
1576
1614
1572
1577
1615
1573
1578
1616
1574
1579
1617
1575
1580
1618
1581
1619
1577
1620
1578
1621
1579
1582
1622
1580
1583
1623
1581
1624
1625
1583
1626
1627
1585
1588
1628
1589
1629
1587
1592
1630
1588
1593
1631
1589
1594
1632
1590
1595
1633
1591
1596
1634
1597
1635
1593
1599
1636
1594
1600
1637
1595
1601
1638
1596
1602
1639
1597
1603
1640
1604
1641
1599
1606
1642
1600
1607
1643
1601
1608
1644
1602
1609
1645
1603
1610
1646
1604
1611
1647
1605
1612
1648
1613
1649
1607
1650
1608
1614
1651
1609
1615
1652
1610
1616
1653
1611
1617
1654
1612
1618
1655
1613
1619
1656
1657
1615
1620
1658
1616
1621
1659
1617
1622
1660
1618
1623
1661
1619
1624
1662
1625
1663
1621
1664
1622
1665
1623
1626
1666
1624
1627
1667
1625
1668
1669
1627
1670
1671
1629
1632
1672
1633
1673
1631
1636
1674
1632
1637
1675
1633
1638
1676
1634
1639
1677
1635
1640
1678
1641
1679
1637
1643
1680
1638
1644
1681
1639
1645
1682
1640
1646
1683
1641
1647
1684
1648
1685
1643
1650
1686
1644
1651
1687
1645
1652
1688
1646
1653
1689
1647
1654
1690
1648
1655
1691
1649
1656
1692
1657
1693
1651
1694
1652
1658
1695
1653
1659
1696
1654
1660
1697
1655
1661
1698
1656
1662
1699
1657
1663
1700
1701
1659
1664
1702
1660
1665
1703
1661
1666
1704
1662
1667
1705
1663
1668
1706
1669
1707
1665
1708
1666
1709
1667
1670
1710
1668
1671
1711
1669
1712
1713
1671
1714
1715
1673
1676
1716
1677
1717
1675
1680
1718
1676
1681
1719
1677
1682
1720
1678
1683
1721
1679
1684
1722
1685
1723
1681
1687
1724
1682
1688
1725
1683
1689
1726
1684
1690
1727
1685
1691
1728
1692
1729
1687
1694
1730
1688
1695
1731
1689
1696
1732
1690
1697
1733
1691
1698
1734
1692
1699
1735
1693
1700
1736
1701
1737
1695
1738
1696
1702
1739
1697
1703
1740
1698
1704
1741
1699
1705
1742
1700
1706
1743
1701
1707
1744
1745
1703
1708
1746
1704
1709
1747
1705
1710
1748
1706
1711
1749
1707
1712
1750
1713
1751
1709
1752
1710
1753
1711
1714
1754
1712
1715
1755
1713
1756
1757
1715
1758
1759
1717
1720
1760
1721
1761
1719
1724
1762
1720
1725
1763
1721
1726
1764
1722
1727
1765
1723
1728
1766
1729
1767
1725
1731
1768
1726
1732
1769
1727
1733
1770
1728
1734
1771
1729
1735
1772
1736
1773
1731
1738
1774
1732
1739
1775
1733
1740
1776
1734
1741
1777
1735
1742
1778
1736
1743
1779
1737
1744
1780
1745
1781
1739
1782
1740
1746
1783
1741
1747
1784
1742
1748
1785
1743
1749
1786
1744
1750
1787
1745
1751
1788
1789
1747
1752
1790
1748
1753
1791
1749
1754
1792
1750
1755
1793
1751
1756
1794
1757
1795
1753
1796
1754
1797
1755
1758
1798
1756
1759
1799
1757
1800
1801
1759
1802
1803
1761
1764
1804
1765
1805
1763
1768
1806
1764
1769
1807
1765
1770
1808
1766
1771
1809
1767
1772
1810
1773
1811
1769
1775
1812
1770
1776
1813
1771
1777
1814
1772
1778
1815
1773
1779
1816
1780
1817
1775
1782
1818
1776
1783
1819
1777
1784
1820
1778
1785
1821
1779
1786
1822
1780
1787
1823
1781
1788
1824
1789
1825
1783
1826
1784
1790
1827
1785
1791
1828
1786
1792
1829
1787
1793
1830
1788
1794
1831
1789
1795
1832
1833
1791
1796
1834
1792
1797
1835
1793
1798
1836
1794
1799
1837
1795
1800
1838
1801
1839
1797
1840
1798
1841
1799
1802
1842
1800
1803
1843
1801
1844
1845
1803
1846
1847
1805
1808
1848
1809
1849
1807
1812
1850
1808
1813
1851
1809
1814
1852
1810
1815
1853
1811
1816
1854
1817
1855
1813
1819
1856
1814
1820
1857
1815
1821
1858
1816
1822
1859
1817
1823
1860
1824
1861
1819
1826
1862
1820
1827
1863
1821
1828
1864
1822
1829
1865
1823
1830
1866
1824
1831
1867
1825
1832
1868
1833
1869
1827
1870
1828
1834
1871
1829
1835
1872
1830
1836
1873
1831
1837
1874
1832
1838
1875
1833
1839
1876
1877
1835
1840
1878
1836
1841
1879
1837
1842
1880
1838
1843
1881
1839
1844
1882
1845
1883
1841
1884
1842
1885
1843
1846
1886
1844
1847
1887
1845
1888
1889
1847
1890
1891
1849
1852
1892
1853
1893
1851
1856
1894
1852
1857
1895
1853
1858
1896
1854
1859
1897
1855
1860
1898
1861
1899
1857
1863
1900
1858
1864
1901
1859
1865
1902
1860
1866
1903
1861
1867
1904
1868
1905
1863
1870
1906
1864
1871
1907
1865
1872
1908
1866
1873
1909
1867
1874
1910
1868
1875
1911
1869
1876
1912
1877
1913
1871
1914
1872
1878
1915
1873
1879
1916
1874
1880
1917
1875
1881
1918
1876
1882
1919
1877
1883
1920
1921
1879
1884
1922
1880
1885
1923
1881
1886
1924
1882
1887
1925
1883
1888
1926
1889
1927
1885
1928
1886
1929
1887
1890
1930
1888
1891
1931
1889
1932
1933
1891
1934
1935
1893
1896
1936
1897
1937
1895
1900
1938
1896
1901
1939
1897
1902
1940
1898
1903
1941
1899
1904
1942
1905
1943
1901
1907
1944
1902
1908
1945
1903
1909
1946
1904
1910
1947
1905
1911
1948
1912
1949
1907
1914
1950
1908
1915
1951
1909
1916
1952
1910
1917
1953
1911
1918
1954
1912
1919
1955
1913
1920
1956
1921
1957
1915
1958
1916
1922
1959
1917
1923
1960
1918
1924
1961
1919
1925
1962
1920
1926
1963
1921
1927
1964
1965
1923
1928
1966
1924
1929
1967
1925
1930
1968
1926
1931
1969
1927
1932
1970
1933
1971
1929
1972
1930
1973
1931
1934
1974
1932
1935
1975
1933
1976
1977
1935
1978
1979
1937
1940
1980
1941
1981
1939
1944
1982
1940
1945
1983
1941
1946
1984
1942
1947
1985
1943
1948
1986
1949
1987
1945
1951
1988
1946
1952
1989
1947
1953
1990
1948
1954
1991
1949
1955
1992
1956
1993
1951
1958
1994
1952
1959
1995
1953
1960
1996
1954
1961
1997
1955
1962
1998
1956
1963
1999
1957
1964
2000
1965
2001
1959
2002
1960
1966
2003
1961
1967
2004
1962
1968
2005
1963
1969
2006
1964
1970
2007
1965
1971
2008
2009
1967
1972
2010
1968
1973
2011
1969
1974
2012
1970
1975
2013
1971
1976
2014
1977
2015
1973
2016
1974
2017
1975
1978
2018
1976
1979
2019
1977
2020
2021
1979
2022
2023
1981
1984
2024
1985
2025
1983
1988
2026
1984
1989
2027
1985
1990
2028
1986
1991
2029
1987
1992
2030
1993
2031
1989
1995
2032
1990
1996
2033
1991
1997
2034
1992
1998
2035
1993
1999
2036
2000
2037
1995
2002
2038
1996
2003
2039
1997
2004
2040
1998
2005
2041
1999
2006
2042
2000
2007
2043
2001
2008
2044
2009
2045
2003
2046
2004
2010
2047
2005
2011
2048
2006
2012
2049
2007
2013
2050
2008
2014
2051
2009
2015
2052
2053
2011
2016
2054
2012
2017
2055
2013
2018
2056
2014
2019
2057
2015
2020
2058
2021
2059
2017
2060
2018
2061
2019
2022
2062
2020
2023
2063
2021
2064
2065
2023
2066
2067
2025
2028
2068
2029
2069
2027
2032
2070
2028
2033
2071
2029
2034
2072
2030
2035
2073
2031
2036
2074
2037
2075
2033
2039
2076
2034
2040
2077
2035
2041
2078
2036
2042
2079
2037
2043
2080
2044
2081
2039
2046
2082
2040
2047
2083
2041
2048
2084
2042
2049
2085
2043
2050
2086
2044
2051
2087
2045
2052
2088
2053
2089
2047
2090
2048
2054
2091
2049
2055
2092
2050
2056
2093
2051
2057
2094
2052
2058
2095
2053
2059
2096
2097
2055
2060
2098
2056
2061
2099
2057
2062
2100
2058
2063
2101
2059
2064
2102
2065
2103
2061
2104
2062
2105
2063
2066
2106
2064
2067
2107
2065
2108
2109
2067
2110
2111
2069
2072
2112
2073
2113
2071
2076
2114
2072
2077
2115
2073
2078
2116
2074
2079
2117
2075
2080
2118
2081
2119
2077
2083
2120
2078
2084
2121
2079
2085
2122
2080
2086
2123
2081
2087
2124
2088
2125
2083
2090
2126
2084
2091
2127
2085
2092
2128
2086
2093
2129
2087
2094
2130
2088
2095
2131
2089
2096
2132
2097
2133
2091
2134
2092
2098
2135
2093
2099
2136
2094
2100
2137
2095
2101
2138
2096
2102
2139
2097
2103
2140
2141
2099
2104
2142
2100
2105
2143
2101
2106
2144
2102
2107
2145
2103
2108
2146
2109
2147
2105
2148
2106
2149
2107
2110
2150
2108
2111
2151
2109
2152
2153
2111
2154
2155
2113
2116
2156
2117
2157
2115
2120
2158
2116
2121
2159
2117
2122
2160
2118
2123
2161
2119
2124
2162
2125
2163
2121
2127
2164
2122
2128
2165
2123
2129
2166
2124
2130
2167
2125
2131
2168
2132
2169
2127
2134
2170
2128
2135
2171
2129
2136
2172
2130
2137
2173
2131
2138
2174
2132
2139
2175
2133
2140
2176
2141
2177
2135
2178
2136
2142
2179
2137
2143
2180
2138
2144
2181
2139
2145
2182
2140
2146
2183
2141
2147
2184
2185
2143
2148
2186
2144
2149
2187
2145
2150
2188
2146
2151
2189
2147
2152
2190
2153
2191
2149
2192
2150
2193
2151
2154
2194
2152
2155
2195
2153
2196
2197
2155
2198
2199
2157
2160
2200
2161
2201
2159
2164
2202
2160
2165
2203
2161
2166
2204
2162
2167
2205
2163
2168
2206
2169
2207
2165
2171
2208
2166
2172
2209
2167
2173
2210
2168
2174
2211
2169
2175
2212
2176
2213
2171
2178
2214
2172
2179
2215
2173
2180
2216
2174
2181
2217
2175
2182
2218
2176
2183
2219
2177
2184
2220
2185
2221
2179
2222
2180
2186
2223
2181
2187
2224
2182
2188
2225
2183
2189
2226
2184
2190
2227
2185
2191
2228
2229
2187
2192
2230
2188
2193
2231
2189
2194
2232
2190
2195
2233
2191
2196
2234
2197
2235
2193
2236
2194
2237
2195
2198
2238
2196
2199
2239
2197
2240
2241
2199
2242
2243
2201
2204
2244
2205
2245
2203
2208
2246
2204
2209
2247
2205
2210
2248
2206
2211
2249
2207
2212
2250
2213
2251
2209
2215
2252
2210
2216
2253
2211
2217
2254
2212
2218
2255
2213
2219
2256
2220
2257
2215
2222
2258
2216
2223
2259
2217
2224
2260
2218
2225
2261
2219
2226
2262
2220
2227
2263
2221
2228
2264
2229
2265
2223
2266
2224
2230
2267
2225
2231
2268
2226
2232
2269
2227
2233
2270
2228
2234
2271
2229
2235
2272
2273
2231
2236
2274
2232
2237
2275
2233
2238
2276
2234
2239
2277
2235
2240
2278
2241
2279
2237
2280
2238
2281
2239
2242
2282
2240
2243
2283
2241
2284
2285
2243
2286
2287
2245
2248
2288
2249
2289
2247
2252
2290
2248
2253
2291
2249
2254
2292
2250
2255
2293
2251
2256
2294
2257
2295
2253
2259
2296
2254
2260
2297
2255
2261
2298
2256
2262
2299
2257
2263
2300
2264
2301
2259
2266
2302
2260
2267
2303
2261
2268
2304
2262
2269
2305
2263
2270
2306
2264
2271
2307
2265
2272
2308
2273
2309
2267
2310
2268
2274
2311
2269
2275
2312
2270
2276
2313
2271
2277
2314
2272
2278
2315
2273
2279
2316
2317
2275
2280
2318
2276
2281
2319
2277
2282
2320
2278
2283
2321
2279
2284
2322
2285
2323
2281
2324
2282
2325
2283
2286
2326
2284
2287
2327
2285
2328
2329
2287
2330
2331
2289
2292
2332
2293
2333
2291
2296
2334
2292
2297
2335
2293
2298
2336
2294
2299
2337
2295
2300
2338
2301
2339
2297
2303
2340
2298
2304
2341
2299
2305
2342
2300
2306
2343
2301
2307
2344
2308
2345
2303
2310
2346
2304
2311
2347
2305
2312
2348
2306
2313
2349
2307
2314
2350
2308
2315
2351
2309
2316
2352
2317
2353
2311
2354
2312
2318
2355
2313
2319
2356
2314
2320
2357
2315
2321
2358
2316
2322
2359
2317
2323
2360
2361
2319
2324
2362
2320
2325
2363
2321
2326
2364
2322
2327
2365
2323
2328
2366
2329
2367
2325
2368
2326
2369
2327
2330
2370
2328
2331
2371
2329
2372
2373
2331
2374
2375
2333
2336
2376
2337
2377
2335
2340
2378
2336
2341
2379
2337
2342
2380
2338
2343
2381
2339
2344
2382
2345
2383
2341
2347
2384
2342
2348
2385
2343
2349
2386
2344
2350
2387
2345
2351
2388
2352
2389
2347
2354
2390
2348
2355
2391
2349
2356
2392
2350
2357
2393
2351
2358
2394
2352
2359
2395
2353
2360
2396
2361
2397
2355
2398
2356
2362
2399
2357
2363
2400
2358
2364
2401
2359
2365
2402
2360
2366
2403
2361
2367
2404
2405
2363
2368
2406
2364
2369
2407
2365
2370
2408
2366
2371
2409
2367
2372
2410
2373
2411
2369
2412
2370
2413
2371
2374
2414
2372
2375
2415
2373
2416
2417
2375
2418
2419
2377
2380
2420
2381
2421
2379
2384
2422
2380
2385
2423
2381
2386
2424
2382
2387
2425
2383
2388
2426
2389
2427
2385
2391
2428
2386
2392
2429
2387
2393
2430
2388
2394
2431
2389
2395
2432
2396
2433
2391
2398
2434
2392
2399
2435
2393
2400
2436
2394
2401
2437
2395
2402
2438
2396
2403
2439
2397
2404
2440
2405
2441
2399
2442
2400
2406
2443
2401
2407
2444
2402
2408
2445
2403
2409
2446
2404
2410
2447
2405
2411
2448
2449
2407
2412
2450
2408
2413
2451
2409
2414
2452
2410
2415
2453
2411
2416
2454
2417
2455
2413
2456
2414
2457
2415
2418
2458
2416
2419
2459
2417
2460
2461
2419
2462
2463
2421
2424
2464
2425
2465
2423
2428
2466
2424
2429
2467
2425
2430
2468
2426
2431
2469
2427
2432
2470
2433
2471
2429
2435
2472
2430
2436
2473
2431
2437
2474
2432
2438
2475
2433
2439
2476
2440
2477
2435
2442
2478
2436
2443
2479
2437
2444
2480
2438
2445
2481
2439
2446
2482
2440
2447
2483
2441
2448
2484
2449
2485
2443
2486
2444
2450
2487
2445
2451
2488
2446
2452
2489
2447
2453
2490
2448
2454
2491
2449
2455
2492
2493
2451
2456
2494
2452
2457
2495
2453
2458
2496
2454
2459
2497
2455
2460
2498
2461
2499
2457
2500
2458
2501
2459
2462
2502
2460
2463
2503
2461
2504
2505
2463
2506
2507
2465
2468
2508
2469
2509
2467
2472
2510
2468
2473
2511
2469
2474
2512
2470
2475
2513
2471
2476
2514
2477
2515
2473
2479
2516
2474
2480
2517
2475
2481
2518
2476
2482
2519
2477
2483
2520
2484
2521
2479
2486
2522
2480
2487
2523
2481
2488
2524
2482
2489
2525
2483
2490
2526
2484
2491
2527
2485
2492
2528
2493
2529
2487
2530
2488
2494
2531
2489
2495
2532
2490
2496
2533
2491
2497
2534
2492
2498
2535
2493
2499
2536
2537
2495
2500
2538
2496
2501
2539
2497
2502
2540
2498
2503
2541
2499
2504
2542
2505
2543
2501
2544
2502
2545
2503
2506
2546
2504
2507
2547
2505
2548
2549
2507
2550
2551
2509
2512
2552
2513
2553
2511
2516
2554
2512
2517
2555
2513
2518
2556
2514
2519
2557
2515
2520
2558
2521
2559
2517
2523
2560
2518
2524
2561
2519
2525
2562
2520
2526
2563
2521
2527
2564
2528
2565
2523
2530
2566
2524
2531
2567
2525
2532
2568
2526
2533
2569
2527
2534
2570
2528
2535
2571
2529
2536
2572
2537
2573
2531
2574
2532
2538
2575
2533
2539
2576
2534
2540
2577
2535
2541
2578
2536
2542
2579
2537
2543
2580
2581
2539
2544
2582
2540
2545
2583
2541
2546
2584
2542
2547
2585
2543
2548
2586
2549
2587
2545
2588
2546
2589
2547
2550
2590
2548
2551
2591
2549
2592
2593
2551
2594
2595
2553
2556
2596
2557
2597
2555
2560
2598
2556
2561
2599
2557
2562
2600
2558
2563
2601
2559
2564
2602
2565
2603
2561
2567
2604
2562
2568
2605
2563
2569
2606
2564
2570
2607
2565
2571
2608
2572
2609
2567
2574
2610
2568
2575
2611
2569
2576
2612
2570
2577
2613
2571
2578
2614
2572
2579
2615
2573
2580
2616
2581
2617
2575
2618
2576
2582
2619
2577
2583
2620
2578
2584
2621
2579
2585
2622
2580
2586
2623
2581
2587
2624
2625
2583
2588
2626
2584
2589
2627
2585
2590
2628
2586
2591
2629
2587
2592
2630
2593
2631
2589
2632
2590
2633
2591
2594
2634
2592
2595
2635
2593
2636
2637
2595
2638
2639
2597
2600
2640
2601
2641
2599
2604
2642
2600
2605
2643
2601
2606
2644
2602
2607
2645
2603
2608
2646
2609
2647
2605
2611
2648
2606
2612
2649
2607
2613
2650
2608
2614
2651
2609
2615
2652
2616
2653
2611
2618
2654
2612
2619
2655
2613
2620
2656
2614
2621
2657
2615
2622
2658
2616
2623
2659
2617
2624
2660
2625
2661
2619
2662
2620
2626
2663
2621
2627
2664
2622
2628
2665
2623
2629
2666
2624
2630
2667
2625
2631
2668
2669
2627
2632
2670
2628
2633
2671
2629
2634
2672
2630
2635
2673
2631
2636
2674
2637
2675
2633
2676
2634
2677
2635
2638
2678
2636
2639
2679
2637
2680
2681
2639
2682
2683
2641
2644
2684
2645
2685
2643
2648
2686
2644
2649
2687
2645
2650
2688
2646
2651
2689
2647
2652
2690
2653
2691
2649
2655
2692
2650
2656
2693
2651
2657
2694
2652
2658
2695
2653
2659
2696
2660
2697
2655
2662
2698
2656
2663
2699
2657
2664
2700
2658
2665
2701
2659
2666
2702
2660
2667
2703
2661
2668
2704
2669
2705
2663
2706
2664
2670
2707
2665
2671
2708
2666
2672
2709
2667
2673
2710
2668
2674
2711
2669
2675
2712
2713
2671
2676
2714
2672
2677
2715
2673
2678
2716
2674
2679
2717
2675
2680
2718
2681
2719
2677
2720
2678
2721
2679
2682
2722
2680
2683
2723
2681
2724
2725
2683
2726
2727
2685
2688
2689
2687
2692
2688
2693
2689
2694
2690
2695
2691
2696
2697
2693
2699
2694
2700
2695
2701
2696
2702
2697
2703
2704
2699
2706
2700
2707
2701
2708
2702
2709
2703
2710
2704
2711
2705
2712
2713
2707
2708
2714
2709
2715
2710
2716
2711
2717
2712
2718
2713
2719
2715
2720
2716
2721
2717
2722
2718
2723
2719
2724
2725
2721
2722
2723
2726
2724
2727
2725
2727
)


// ************************************************************************* //
